SP     PC     OPCODE 19..16 15..12  11..8   7..4   3..0 
0      000     00000   0000   0000   0000   0000   0000   
0      001     00001   0110   0000   0000   0101   0111   
0      002     00001   1000   0000   0000   0101   1010   
0      003     00000   1000   0010   0011   0000   0000   
0      004     00000   0001   0010   0011   0000   0001   
1      009     00000   1000   0010   0011   0000   0000   
1      00A     00000   0001   0010   0011   0000   0001   
1      00B     00001   0110   0000   0000   0101   0111   
2      00D     00000   0001   0010   0011   0000   0001   
2      00E     00001   0110   0000   0000   0101   0111   
2      00F     10101   0000   0000   0000   0000   0000   
2      010     10011   0000   0000   0000   0001   0010   
1      00C     10101   0000   0000   0000   0000   0000   
1      00D     00000   0001   0010   0011   0000   0001   
1      00E     00001   0110   0000   0000   0101   0111   
0      005     10100   0000   0000   0000   0000   1001   
0      012     10110   0000   0000   0000   0000   0000   
0      013     10011   0000   0000   0000   0001   0001   
0      014     00000   0000   0000   0000   0000   0000   
0      011     10110   0000   0000   0000   0000   0000   
