0000 0000 0000 0000 0000000000000000 1 0 0 0
0000 0000 0000 0001 0000000001011001 0 1 0 0
0000 0000 0000 0010 0000000001001000 0 1 0 0
0000 0000 0000 0011 0000000001111011 0 1 0 0
0000 0000 0000 0100 0000000000110101 0 1 0 0
0001 0010 0000 0000 0000000000000000 0 0 0 0
0011 0100 0000 0000 0000000000000000 0 0 0 0
0001 0000 0011 0010 0000000000000000 0 1 1 1
0011 0000 0101 0100 0000000000000000 0 1 1 0
0001 0010 0000 0000 0000000000000000 0 0 0 0
0011 0100 0000 0000 0000000000000000 0 0 0 0
0000 0000 0000 0000 0000000000000000 1 0 0 0