 PC     OPCODE 19..16 15..12  11..8   7..4   3..0
000      00001   0000   0000   0000   0000   0000   
001      00001   0001   0000   0000   0000   0001   
002      00001   0010   0000   0000   0000   0000   
003      00001   0011   0000   0000   0000   1100   
004      00000   0100   0000   0001   0000   0000   
005      00011   0100   0000   0000   0111   0010   
006      00101   0000   0001   0000   0000   0000   
007      00101   0001   0100   0000   0000   0000   
008      00101   0010   0010   0000   0000   0001   
009      01110   0010   0011   0000   0000   1011   
00A      10110   0000   0000   0000   0000   0000   
00B      10011   0000   0000   0000   0000   1010   
